32 2
0 0 1 0 0 0 3000 3000_0 1 1
0 0 1 0 0 0 3000 3000_1 1 1
0 0 1 0 0 0 4000 4000_0 1 1
0 0 1 0 0 0 4000 4000_1 1 1
0 0 1 0 0 0 4000 4000_2 1 1
0 0 1 0 0 0 5000 5000_0 1 1
0 0 1 0 0 0 5000 5000_1 1 1
0 0 1 0 0 0 6000 6000_0 1 1
0 0 1 0 0 0 6000 6000_1 1 1
0 0 1 0 0 0 6000 6000_2 1 1
0 0 1 0 0 0 8000 8000_0 1 1
0 0 1 0 0 0 8000 8000_1 1 1
0 13 1 18 0 25 1000 0_0 1 5
0 13 1 18 0 25 1000 0_1 1 5
0 14 1 25 0 14 7000 1_0 1 5
0 14 1 25 0 14 7000 1_1 1 5
0 15 1 65 0 15 4000 4_0 1 5
0 15 1 65 0 15 4000 4_1 1 5
0 15 1 72 0 15 9000 5_0 1 5
0 15 1 90 0 15 8000 7_0 1 5
0 15 1 90 0 15 8000 7_1 1 5
0 37 1 72 0 8 9000 8_0 1 5
0 37 1 72 0 8 9000 8_1 1 5
0 15 1 36 0 15 6000 11_0 1 5
0 15 1 36 0 15 6000 11_1 1 5
0 15 1 14 0 15 3000 12_0 1 5
0 15 1 14 0 15 3000 12_1 1 5
0 15 1 114 0 15 2000 14_0 1 5
0 15 1 36 0 15 5000 17_0 1 5
0 15 1 36 0 15 5000 17_1 1 5
0 22 1 117 0 22 10000 18_0 1 5
0 22 1 117 0 22 10000 18_1 1 5