24 2
0 0 1 0 0 0 2000 2000_0 1 1
0 0 1 0 0 0 2000 2000_1 1 1
0 0 1 0 0 0 3000 3000_0 1 1
0 0 1 0 0 0 4000 4000_0 1 1
0 0 1 0 0 0 4000 4000_1 1 1
0 0 1 0 0 0 5000 5000_0 1 1
0 0 1 0 0 0 5000 5000_1 1 1
0 0 1 0 0 0 6000 6000_0 1 1
0 0 1 0 0 0 6000 6000_1 1 1
0 0 1 0 0 0 7000 7000_0 1 1
0 0 1 0 0 0 7000 7000_1 1 1
0 0 1 0 0 0 8000 8000_0 1 1
0 12 1 78 0 2 1000 2_0 1 5
0 15 1 72 0 15 9000 5_0 1 3
0 15 1 90 0 15 8000 7_0 1 5
0 11 1 72 0 11 9000 15_0 1 3
0 22 1 117 0 22 10000 18_0 1 4
0 22 1 117 0 22 10000 18_1 1 4
0 13 1 78 0 13 0 13 1 60 0 13 3000 5000 22_0 1 5
0 15 1 90 0 15 0 15 1 60 0 10 3000 6000 43_0 2 5
0 15 1 90 0 15 0 15 1 60 0 10 3000 6000 43_1 2 5
0 15 1 144 0 15 0 14 1 48 0 14 4000 6000 46_0 1 5
0 14 1 108 0 14 0 15 1 96 0 15 0 15 1 114 0 15 8000 7000 2000 49_0 1 5
0 12 1 108 0 12 0 7 1 96 0 7 0 10 1 144 0 10 8000 6000 2000 51_0 1 5